Codes
Command	Code (Pronto)

Channel Down

0000 006D 0000 0022 00AD 00AD 0016 0041 0016 0041 0016 0041 0016 0016 0016 0016 0016 0016 0016 0016 0016 0016 0016 0041 0016 0041 0016 0041 0016 0016 0016 0016 0016 0016 0016 0016 0016 0016 0016 0016 0016 0016 0016 0016 0016 0016 0016 0041 0016 0016 0016 0016 0016 0016 0016 0041 0016 0041 0016 0041 0016 0041 0016 0016 0016 0041 0016 0041 0016 0041 0016 06FB

Channel Up

0000 006D 0000 0022 00AC 00AC 0016 0040 0016 0040 0016 0040 0016 0015 0016 0015 0016 0015 0016 0015 0016 0015 0016 0040 0016 0040 0016 0040 0016 0015 0016 0015 0016 0015 0016 0015 0016 0015 0016 0015 0016 0040 0016 0015 0016 0015 0016 0040 0016 0015 0016 0015 0016 0015 0016 0040 0016 0015 0016 0040 0016 0040 0016 0015 0016 0040 0016 0040 0016 0040 0016 071C
Cursor Down

0000 006D 0000 0022 00AC 00AC 0016 0040 0016 0040 0016 0040 0016 0015 0016 0015 0016 0015 0016 0015 0016 0015 0016 0040 0016 0040 0016 0040 0016 0015 0016 0015 0016 0015 0016 0015 0016 0015 0016 0040 0016 0015 0016 0015 0016 0015 0016 0015 0016 0040 0016 0040 0016 0015 0016 0015 0016 0040 0016 0040 0016 0040 0016 0040 0016 0015 0016 0015 0016 0040 0016 071C

Cursor Enter

0000 006D 0000 0022 00AC 00AC 0017 003E 0017 003E 0017 003E 0017 0013 0017 0013 0017 0013 0017 0013 0017 0013 0017 003E 0017 003E 0017 003E 0017 0013 0017 0013 0017 0013 0017 0013 0017 0013 0017 0013 0017 0013 0017 0013 0017 003E 0017 0013 0017 003E 0017 003E 0017 0013 0017 003E 0017 003E 0017 003E 0017 0013 0017 003E 0017 0013 0017 0013 0017 003E 0017 0746

Cursor Left

0000 006D 0000 0022 00ac 00ac 0016 0040 0016 0040 0016 0040 0016 0015 0016 0015 0016 0015 0016 0015 0016 0015 0016 0040 0016 0040 0016 0040 0016 0015 0016 0015 0016 0015 0016 0015 0016 0015 0016 0040 0016 0015 0016 0040 0016 0015 0016 0015 0016 0040 0016 0040 0016 0015 0016 0015 0016 0040 0016 0015 0016 0040 0016 0040 0016 0015 0016 0015 0016 0040 0016 071c
Cursor Right

0000 006D 0000 0022 00ac 00ac 0016 0040 0016 0040 0016 0040 0016 0015 0016 0015 0016 0015 0016 0015 0016 0015 0016 0040 0016 0040 0016 0040 0016 0015 0016 0015 0016 0015 0016 0015 0016 0015 0016 0015 0016 0040 0016 0015 0016 0015 0016 0015 0016 0040 0016 0040 0016 0015 0016 0040 0016 0015 0016 0040 0016 0040 0016 0040 0016 0015 0016 0015 0016 0040 0016 071c
Cursor Up

0000 006D 0000 0022 00ac 00ac 0016 0040 0016 0040 0016 0040 0016 0015 0016 0015 0016 0015 0016 0015 0016 0015 0016 0040 0016 0040 0016 0040 0016 0015 0016 0015 0016 0015 0016 0015 0016 0015 0016 0015 0016 0015 0016 0015 0016 0015 0016 0015 0016 0040 0016 0040 0016 0015 0016 0040 0016 0040 0016 0040 0016 0040 0016 0040 0016 0015 0016 0015 0016 0040 0016 071c
Exit

0000 006D 0000 0022 00ac 00ac 0016 0040 0016 0040 0016 0040 0016 0015 0016 0015 0016 0015 0016 0015 0016 0015 0016 0040 0016 0040 0016 0040 0016 0015 0016 0015 0016 0015 0016 0015 0016 0015 0016 0040 0016 0015 0016 0040 0016 0040 0016 0015 0016 0040 0016 0015 0016 0015 0016 0015 0016 0040 0016 0015 0016 0015 0016 0040 0016 0015 0016 0040 0016 0040 0016 071c
Home

0000 006C 0000 0022 00AD 00AD 0016 0041 0016 0041 0016 0041 0016 0016 0016 0016 0016 0016 0016 0016 0016 0016 0016 0041 0016 0041 0016 0041 0016 0016 0016 0016 0016 0016 0016 0016 0016 0016 0016 0041 0016 0016 0016 0016 0016 0041 0016 0041 0016 0041 0016 0041 0016 0016 0016 0016 0016 0041 0016 0041 0016 0016 0016 0016 0016 0016 0016 0016 0016 0041 0016 06FB
Input HDMI 1

0000 006D 0022 0000 00ad 00ad 0015 0041 0015 0041 0015 0041 0015 0015 0015 0015 0015 0015 0015 0015 0015 0015 0015 0041 0015 0041 0015 0041 0015 0015 0015 0015 0015 0015 0015 0015 0015 0015 0015 0041 0015 0015 0015 0015 0015 0041 0015 0015 0015 0041 0015 0041 0015 0041 0015 0015 0015 0041 0015 0041 0015 0015 0015 0041 0015 0015 0015 0015 0015 0015 0015 0728
Input HDMI 2

0000 006D 0022 0000 00ad 00ad 0015 0041 0015 0041 0015 0041 0015 0015 0015 0015 0015 0015 0015 0015 0015 0015 0015 0041 0015 0041 0015 0041 0015 0015 0015 0015 0015 0015 0015 0015 0015 0015 0015 0015 0015 0041 0015 0041 0015 0041 0015 0041 0015 0041 0015 0015 0015 0041 0015 0041 0015 0015 0015 0015 0015 0015 0015 0015 0015 0015 0015 0041 0015 0015 0015 0728
Input HDMI 3

0000 006D 0022 0000 00ad 00ad 0015 0041 0015 0041 0015 0041 0015 0015 0015 0015 0015 0015 0015 0015 0015 0015 0015 0041 0015 0041 0015 0041 0015 0015 0015 0015 0015 0015 0015 0015 0015 0015 0015 0015 0015 0041 0015 0015 0015 0015 0015 0015 0015 0015 0015 0041 0015 0041 0015 0041 0015 0015 0015 0041 0015 0041 0015 0041 0015 0041 0015 0015 0015 0015 0015 0728
Input HDMI 4

0000 006D 0000 0022 00AC 00AB 0015 0041 0015 0041 0015 0041 0015 0016 0015 0016 0015 0016 0015 0016 0015 0016 0015 0041 0015 0041 0015 0041 0015 0016 0015 0016 0015 0016 0015 0016 0015 0016 0015 0041 0015 0016 0015 0041 0015 0016 0015 0016 0015 0016 0015 0041 0015 0041 0015 0016 0015 0041 0015 0016 0015 0041 0015 0041 0015 0041 0015 0016 0015 0016 0015 0689
Main Menu

0000 006C 0000 0022 015B 00AD 0016 0041 0016 0041 0016 0041 0016 0016 0016 0016 0016 0016 0016 0016 0016 0016 0016 0041 0016 0041 0016 0041 0016 0016 0016 0016 0016 0016 0016 0016 0016 0016 0016 0016 0016 0041 0016 0016 0016 0041 0016 0041 0016 0016 0016 0016 0016 0016 0016 0041 0016 0016 0016 0041 0016 0016 0016 0016 0016 0041 0016 0041 0016 0041 0016 064D
Mute Toggle

0000 006D 0000 0022 00ac 00ac 0016 0040 0016 0040 0016 0040 0016 0015 0016 0015 0016 0015 0016 0015 0016 0015 0016 0040 0016 0040 0016 0040 0016 0015 0016 0015 0016 0015 0016 0015 0016 0015 0016 0040 0016 0040 0016 0040 0016 0040 0016 0015 0016 0015 0016 0015 0016 0015 0016 0015 0016 0015 0016 0015 0016 0015 0016 0040 0016 0040 0016 0040 0016 0040 0016 071c
Power On

0000 006D 0000 0022 00ac 00ac 0016 0040 0016 0040 0016 0040 0016 0015 0016 0015 0016 0015 0016 0015 0016 0015 0016 0040 0016 0040 0016 0040 0016 0015 0016 0015 0016 0015 0016 0015 0016 0015 0016 0040 0016 0015 0016 0015 0016 0040 0016 0040 0016 0015 0016 0015 0016 0040 0016 0015 0016 0040 0016 0040 0016 0015 0016 0015 0016 0040 0016 0040 0016 0015 0016 071c
Power Off

0000 006D 0022 0000 00ad 00ad 0015 0041 0015 0041 0015 0041 0015 0015 0015 0015 0015 0015 0015 0015 0015 0015 0015 0041 0015 0041 0015 0041 0015 0015 0015 0015 0015 0015 0015 0015 0015 0015 0015 0015 0015 0015 0015 0015 0015 0041 0015 0041 0015 0015 0015 0015 0015 0041 0015 0041 0015 0041 0015 0041 0015 0015 0015 0015 0015 0041 0015 0041 0015 0015 0015 0728
Power Toggle

0000 006D 0000 0022 00AA 00AA 0014 003F 0014 003F 0014 003F 0014 0014 0014 0014 0014 0014 0014 0014 0014 0014 0014 003F 0014 003F 0014 003F 0014 0014 0014 0014 0014 0014 0014 0014 0014 0014 0014 0014 0014 003F 0014 0014 0014 0014 0014 0014 0014 0014 0014 0014 0014 0014 0014 003F 0014 0014 0014 003F 0014 003F 0014 003F 0014 003F 0014 003F 0014 003F 0014 0706
Previous Channel

0000 006D 0000 0022 00ac 00ac 0016 0040 0016 0040 0016 0040 0016 0015 0016 0015 0016 0015 0016 0015 0016 0015 0016 0040 0016 0040 0016 0040 0016 0015 0016 0015 0016 0015 0016 0015 0016 0015 0016 0040 0016 0040 0016 0015 0016 0015 0016 0040 0016 0015 0016 0015 0016 0015 0016 0015 0016 0015 0016 0040 0016 0040 0016 0015 0016 0040 0016 0040 0016 0040 0016 071c
Return

0000 006D 0000 0022 00AA 00AA 0014 003F 0014 003F 0014 003F 0014 0014 0014 0014 0014 0014 0014 0014 0014 0014 0014 003F 0014 003F 0014 003F 0014 0014 0014 0014 0014 0014 0014 0014 0014 0014 0014 0014 0014 0014 0014 0014 0014 003F 0014 003F 0014 0014 0014 003F 0014 0014 0014 003F 0014 003F 0014 003F 0014 0014 0014 0014 0014 003F 0014 0014 0014 003F 0014 070A
Volume Up

0000 006D 0000 0022 00ac 00ac 0016 0040 0016 0040 0016 0040 0016 0015 0016 0015 0016 0015 0016 0015 0016 0015 0016 0040 0016 0040 0016 0040 0016 0015 0016 0015 0016 0015 0016 0015 0016 0015 0016 0040 0016 0040 0016 0040 0016 0015 0016 0015 0016 0015 0016 0015 0016 0015 0016 0015 0016 0015 0016 0015 0016 0040 0016 0040 0016 0040 0016 0040 0016 0040 0016 071c
Volume Down

0000 006D 0000 0022 00ac 00ac 0016 0040 0016 0040 0016 0040 0016 0015 0016 0015 0016 0015 0016 0015 0016 0015 0016 0040 0016 0040 0016 0040 0016 0015 0016 0015 0016 0015 0016 0015 0016 0015 0016 0040 0016 0040 0016 0015 0016 0040 0016 0015 0016 0015 0016 0015 0016 0015 0016 0015 0016 0015 0016 0040 0016 0015 0016 0040 0016 0040 0016 0040 0016 0040 0016 071c